depth 100:
Rating   Prec.   Recall  fscore  Support
(1, ':', 0.699, 0.662, 0.68, 7299.0)
(2, ':', 0.667, 0.581, 0.621, 2334.0)
(3, ':', 0.668, 0.581, 0.622, 2205.0)
(4, ':', 0.682, 0.572, 0.622, 1659.0)
(5, ':', 0.674, 0.568, 0.617, 2710.0)
(6, ':', 0.658, 0.551, 0.6, 2119.0)
(7, ':', 0.652, 0.534, 0.588, 3091.0)
(8, ':', 0.649, 0.579, 0.612, 6156.0)
(9, ':', 0.67, 0.602, 0.634, 9177.0)
(10, ':', 0.651, 0.81, 0.722, 17016.0)
('Total:', 0.664, 0.663, 0.659, 53766)

depth 80:
Rating   Prec.   Recall  fscore  Support
(1, ':', 0.666, 0.637, 0.651, 7299.0)
(2, ':', 0.657, 0.542, 0.594, 2334.0)
(3, ':', 0.684, 0.529, 0.597, 2205.0)
(4, ':', 0.674, 0.539, 0.599, 1659.0)
(5, ':', 0.677, 0.518, 0.587, 2710.0)
(6, ':', 0.641, 0.497, 0.56, 2119.0)
(7, ':', 0.638, 0.489, 0.554, 3091.0)
(8, ':', 0.64, 0.531, 0.581, 6156.0)
(9, ':', 0.653, 0.553, 0.599, 9177.0)
(10, ':', 0.609, 0.818, 0.698, 17016.0)
('Total:', 0.641, 0.636, 0.63, 53766)

depth 60:
Rating   Prec.   Recall  fscore  Support
(1, ':', 0.634, 0.581, 0.606, 7299.0)
(2, ':', 0.642, 0.443, 0.524, 2334.0)
(3, ':', 0.677, 0.447, 0.538, 2205.0)
(4, ':', 0.68, 0.445, 0.538, 1659.0)
(5, ':', 0.637, 0.44, 0.52, 2710.0)
(6, ':', 0.652, 0.408, 0.502, 2119.0)
(7, ':', 0.605, 0.414, 0.492, 3091.0)
(8, ':', 0.591, 0.458, 0.516, 6156.0)
(9, ':', 0.641, 0.473, 0.545, 9177.0)
(10, ':', 0.543, 0.831, 0.657, 17016.0)
('Total:', 0.604, 0.588, 0.578, 53766)

depth 40:
Rating   Prec.   Recall  fscore  Support
(1, ':', 0.533, 0.497, 0.514, 7299.0)
(2, ':', 0.612, 0.289, 0.392, 2334.0)
(3, ':', 0.638, 0.283, 0.392, 2205.0)
(4, ':', 0.648, 0.272, 0.383, 1659.0)
(5, ':', 0.657, 0.28, 0.393, 2710.0)
(6, ':', 0.629, 0.257, 0.365, 2119.0)
(7, ':', 0.605, 0.262, 0.365, 3091.0)
(8, ':', 0.523, 0.311, 0.39, 6156.0)
(9, ':', 0.547, 0.355, 0.43, 9177.0)
(10, ':', 0.463, 0.849, 0.599, 17016.0)
('Total:', 0.537, 0.504, 0.478, 53766)

depth 20:
Rating   Prec.   Recall  fscore  Support
(1, ':', 0.387, 0.366, 0.376, 7299.0)
(2, ':', 0.535, 0.066, 0.117, 2334.0)
(3, ':', 0.319, 0.072, 0.118, 2205.0)
(4, ':', 0.51, 0.045, 0.082, 1659.0)
(5, ':', 0.429, 0.054, 0.095, 2710.0)
(6, ':', 0.614, 0.042, 0.079, 2119.0)
(7, ':', 0.379, 0.051, 0.091, 3091.0)
(8, ':', 0.364, 0.1, 0.157, 6156.0)
(9, ':', 0.374, 0.147, 0.211, 9177.0)
(10, ':', 0.379, 0.885, 0.53, 17016.0)
('Total:', 0.398, 0.381, 0.298, 53766)

depth 10:
(53766, 53766)
Rating   Prec.   Recall  fscore  Support
(1, ':', 0.363, 0.193, 0.252, 7299.0)
(2, ':', 0.107, 0.005, 0.009, 2334.0)
(3, ':', 0.137, 0.005, 0.009, 2205.0)
(4, ':', 0.167, 0.002, 0.005, 1659.0)
(5, ':', 0.231, 0.001, 0.002, 2710.0)
(6, ':', 1.0, 0.003, 0.007, 2119.0)
(7, ':', 0.259, 0.002, 0.004, 3091.0)
(8, ':', 0.3, 0.012, 0.022, 6156.0)
(9, ':', 0.291, 0.034, 0.061, 9177.0)
(10, ':', 0.337, 0.956, 0.498, 17016.0)
('Total:', 0.321, 0.337, 0.206, 53766)