vec size 50:
Rating   Prec.   Recall  fscore  Support
(1, ':', 0.207, 0.215, 0.211, 7299.0)
(2, ':', 0.053, 0.006, 0.011, 2334.0)
(3, ':', 0.077, 0.007, 0.013, 2205.0)
(4, ':', 0.058, 0.004, 0.008, 1659.0)
(5, ':', 0.066, 0.258, 0.106, 2710.0)
(6, ':', 0.143, 0.0, 0.001, 2119.0)
(7, ':', 0.052, 0.007, 0.013, 3091.0)
(8, ':', 0.125, 0.297, 0.176, 6156.0)
(9, ':', 0.188, 0.2, 0.194, 9177.0)
(10, ':', 0.373, 0.222, 0.279, 17016.0)
('Total:', 0.212, 0.182, 0.177, 53766)

vec size 100:
Rating   Prec.   Recall  fscore  Support
(1, ':', 0.212, 0.187, 0.199, 7299.0)
(2, ':', 0.068, 0.036, 0.047, 2334.0)
(3, ':', 0.088, 0.028, 0.042, 2205.0)
(4, ':', 0.038, 0.008, 0.013, 1659.0)
(5, ':', 0.063, 0.349, 0.107, 2710.0)
(6, ':', 0.067, 0.003, 0.006, 2119.0)
(7, ':', 0.082, 0.04, 0.054, 3091.0)
(8, ':', 0.123, 0.274, 0.17, 6156.0)
(9, ':', 0.185, 0.128, 0.151, 9177.0)
(10, ':', 0.381, 0.189, 0.253, 17016.0)
('Total:', 0.213, 0.161, 0.165, 53766)

vec size 150:
Rating   Prec.   Recall  fscore  Support
(1, ':', 0.216, 0.187, 0.2, 7299.0)
(2, ':', 0.066, 0.057, 0.061, 2334.0)
(3, ':', 0.07, 0.019, 0.029, 2205.0)
(4, ':', 0.032, 0.009, 0.014, 1659.0)
(5, ':', 0.062, 0.382, 0.107, 2710.0)
(6, ':', 0.033, 0.001, 0.003, 2119.0)
(7, ':', 0.072, 0.038, 0.05, 3091.0)
(8, ':', 0.125, 0.274, 0.172, 6156.0)
(9, ':', 0.189, 0.1, 0.131, 9177.0)
(10, ':', 0.379, 0.172, 0.237, 17016.0)
('Total:', 0.211, 0.153, 0.157, 53766)